Techniques=LiftGammaGain@LiftGammaGain.fx,prod80_04_SelectiveColor_v2@PD80_04_Selective_Color_v2.fx,ContrastStretch@ContrastStretch.fx,prod80_04_ContrastBrightnessSaturation@PD80_04_Contrast_Brightness_Saturation.fx,DPX@DPX.fx,Tonemap@Tonemap.fx,Tint@Sepia.fx

[ContrastStretch.fx]
DarkMax=1.000000
DarkPeak=0.430000
DarkThreshold=0.375000
Debug=0
LightMax=0.300000
LightPeak=0.450000
LightThreshold=0.667000
Maximum=1.000000
MaxVariance=1.000000
MidMax=0.440000
MidPeak=0.240000
Minimum=0.000000

[DPX.fx]
Colorfulness=2.500000
Contrast=0.533000
RGB_C=0.360000,0.360000,0.340000
RGB_Curve=8.000000,8.000000,8.000000
Saturation=3.000000
Strength=0.200000

[LiftGammaGain.fx]
RGB_Gain=1.000000,1.000000,1.000000
RGB_Gamma=1.300014,1.300014,1.300014
RGB_Lift=1.000000,1.000000,1.000000

[PD80_04_Contrast_Brightness_Saturation.fx]
brightness=0.000000
brightnessD=0.000000
contrast=0.000000
contrastD=0.000000
depthCurve=1.000000
depthEnd=0.100000
depthStart=0.000000
display_depth=0
dither_strength=0.000000
enable_depth=0
enable_dither=0
exposureD=0.000000
exposureN=0.420000
huemid=0.000000
huerange=0.167000
saturation=0.401000
saturationD=0.000000
sat_a=0.000000
sat_b=0.000000
sat_custom=0.000000
sat_g=-0.630000
sat_m=0.000000
sat_p=0.000000
sat_r=0.000000
sat_y=0.000000
tint=0.050000
vibrance=1.000000
vibranceD=0.000000

[PD80_04_Selective_Color_v2.fx]
bk_adj_bla=0.000000
bk_adj_cya=0.000000
bk_adj_mag=0.000000
bk_adj_sat=0.000000
bk_adj_yel=0.000000
bm_adj_bla=0.000000
bm_adj_cya=0.000000
bm_adj_lig=0.000000
bm_adj_lig_curve=0.000000
bm_adj_mag=0.000000
bm_adj_sat=0.000000
bm_adj_yel=0.000000
b_adj_bla=-1.000000
b_adj_cya=0.000000
b_adj_lig=0.000000
b_adj_lig_curve=0.000000
b_adj_mag=0.000000
b_adj_sat=0.000000
b_adj_yel=0.000000
cb_adj_bla=-1.000000
cb_adj_cya=0.000000
cb_adj_lig=0.000000
cb_adj_lig_curve=0.000000
cb_adj_mag=0.000000
cb_adj_sat=0.000000
cb_adj_yel=0.000000
corr_method=1
c_adj_bla=0.000000
c_adj_cya=-0.350000
c_adj_lig=1.000000
c_adj_lig_curve=0.000000
c_adj_mag=0.000000
c_adj_sat=0.000000
c_adj_yel=0.000000
gc_adj_bla=1.000000
gc_adj_cya=0.000000
gc_adj_lig=1.000000
gc_adj_lig_curve=0.000000
gc_adj_mag=1.000000
gc_adj_sat=0.000000
gc_adj_yel=0.000000
g_adj_bla=1.000000
g_adj_cya=1.000000
g_adj_lig=1.000000
g_adj_lig_curve=0.000000
g_adj_mag=1.000000
g_adj_sat=-0.580000
g_adj_yel=0.000000
mr_adj_bla=0.000000
mr_adj_cya=0.000000
mr_adj_lig=0.000000
mr_adj_lig_curve=0.000000
mr_adj_mag=0.000000
mr_adj_sat=0.000000
mr_adj_yel=0.000000
m_adj_bla=0.000000
m_adj_cya=0.000000
m_adj_lig=0.000000
m_adj_lig_curve=0.000000
m_adj_mag=0.000000
m_adj_sat=0.000000
m_adj_yel=0.000000
n_adj_bla=0.000000
n_adj_cya=0.000000
n_adj_mag=0.000000
n_adj_sat=0.000000
n_adj_yel=0.000000
o_adj_bla=0.000000
o_adj_cya=0.000000
o_adj_lig=0.000000
o_adj_lig_curve=0.000000
o_adj_mag=0.000000
o_adj_sat=0.000000
o_adj_yel=0.000000
r_adj_bla=0.210000
r_adj_cya=0.120000
r_adj_lig=0.000000
r_adj_lig_curve=0.000000
r_adj_mag=0.000000
r_adj_sat=0.660000
r_adj_yel=0.000000
w_adj_bla=0.000000
w_adj_cya=0.000000
w_adj_mag=0.000000
w_adj_sat=0.000000
w_adj_yel=0.000000
yg_adj_bla=1.000000
yg_adj_cya=0.000000
yg_adj_lig=1.000000
yg_adj_lig_curve=0.000000
yg_adj_mag=0.000000
yg_adj_sat=1.000000
yg_adj_yel=0.000000
y_adj_bla=0.000000
y_adj_cya=0.000000
y_adj_lig=0.000000
y_adj_lig_curve=0.000000
y_adj_mag=0.000000
y_adj_sat=0.000000
y_adj_yel=0.000000

[Sepia.fx]
Strength=0.580000
Tint=0.416667,0.416667,0.416667

[Tonemap.fx]
Bleach=0.200000
Defog=0.000000
Exposure=0.000000
FogColor=0.000000,0.000000,1.000000
Gamma=1.087000
Saturation=0.000000

