Techniques=prod80_04_ContrastBrightnessSaturation@PD80_04_Contrast_Brightness_Saturation.fx,LiftGammaGain@LiftGammaGain.fx,Tonemap@Tonemap.fx

[AdaptiveSharpen.fx]
curveslope=0.500000
curve_height=1.000000
D_compr_high=0.500000
D_compr_low=0.250000
D_overshoot=0.009000
L_compr_high=0.334000
L_compr_low=0.167000
L_overshoot=0.003000
pm_p=0.700000
scale_cs=0.056000
scale_lim=0.100000

[LiftGammaGain.fx]
RGB_Gain=1.000000,1.000000,1.000000
RGB_Gamma=2.000000,2.000000,2.000000
RGB_Lift=1.000000,1.000000,1.000000

[PD80_04_Contrast_Brightness_Saturation.fx]
brightness=0.000000
brightnessD=0.000000
contrast=0.000000
contrastD=0.000000
depthCurve=1.000000
depthEnd=0.100000
depthStart=0.000000
display_depth=0
dither_strength=0.000000
enable_depth=0
enable_dither=0
exposureD=0.000000
exposureN=0.000000
huemid=0.000000
huerange=0.167000
saturation=0.000000
saturationD=0.000000
sat_a=0.000000
sat_b=0.000000
sat_custom=0.000000
sat_g=-0.250000
sat_m=0.000000
sat_p=0.000000
sat_r=0.795000
sat_y=-0.050000
tint=0.000000
vibrance=0.850000
vibranceD=0.000000

[Tonemap.fx]
Bleach=0.020000
Defog=0.000000
Exposure=0.000000
FogColor=0.000000,0.000000,1.000000
Gamma=0.900000
Saturation=0.000000

[VirtualResolution.fx]
fResolutionX=2560.000000
fResolutionY=1350.000000
iScaleMode=2

