Techniques=LiftGammaGain@LiftGammaGain.fx,Technicolor2@Technicolor2.fx,HSLShift@HSLShift.fx,prod80_04_ContrastBrightnessSaturation@PD80_04_Contrast_Brightness_Saturation.fx

[HSLShift.fx]
HUEBlue=0.250000,0.250000,0.750000
HUECyan=0.250000,0.750000,0.750000
HUEGreen=0.250000,0.750000,0.250000
HUEMagenta=0.750000,0.250000,0.750000
HUEOrange=0.007843,0.007843,0.007843
HUEPurple=0.500000,0.250000,0.750000
HUERed=0.750000,0.250000,0.250000
HUEYellow=0.750000,0.750000,0.250000

[LiftGammaGain.fx]
RGB_Gain=1.000000,1.000000,1.000000
RGB_Gamma=1.500009,1.610006,1.530001
RGB_Lift=1.000000,1.000000,1.000000

[PD80_04_Contrast_Brightness_Saturation.fx]
brightness=0.200000
brightnessD=0.000000
contrast=0.000000
contrastD=0.000000
depthCurve=1.000000
depthEnd=0.100000
depthStart=0.000000
display_depth=0
dither_strength=1.000000
enable_depth=0
enable_dither=1
exposureD=0.000000
exposureN=0.040000
huemid=0.000000
huerange=0.167000
saturation=0.475000
saturationD=0.000000
sat_a=0.000000
sat_b=0.000000
sat_custom=0.000000
sat_g=0.000000
sat_m=0.000000
sat_p=0.000000
sat_r=0.000000
sat_y=0.000000
tint=0.045000
vibrance=0.000000
vibranceD=0.000000

[Technicolor2.fx]
Brightness=1.000000
ColorStrength=0.000000,0.203922,1.000000
Saturation=1.500000
Strength=0.500000

[DebugSettings]
dev_hash = a4063f789fad271b912a16eadf1e8db6