Techniques=LiftGammaGain@LiftGammaGain.fx,prod80_04_SelectiveColor@PD80_04_Selective_Color.fx,prod80_04_ContrastBrightnessSaturation@PD80_04_Contrast_Brightness_Saturation.fx

[LiftGammaGain.fx]
RGB_Gain=0.999953,0.999953,0.999953
RGB_Gamma=2.000000,2.000000,2.000000
RGB_Lift=1.000000,1.000000,1.000000

[PD80_04_Contrast_Brightness_Saturation.fx]
brightness=0.000000
brightnessD=0.000000
contrast=0.250000
contrastD=0.000000
depthCurve=1.000000
depthEnd=0.100000
depthStart=0.000000
display_depth=0
dither_strength=1.000000
enable_depth=0
enable_dither=1
exposureD=0.000000
exposureN=-0.305001
huemid=0.000000
huerange=0.167000
saturation=-0.000000
saturationD=0.000000
sat_a=0.000000
sat_b=0.000000
sat_custom=0.000000
sat_g=0.000000
sat_m=0.000000
sat_p=0.000000
sat_r=0.900000
sat_y=0.000000
tint=-0.040000
vibrance=0.000000
vibranceD=0.000000

[PD80_04_Selective_Color.fx]
bk_adj_bla=0.000000
bk_adj_cya=0.123000
bk_adj_mag=0.000000
bk_adj_sat=0.000000
bk_adj_vib=0.000000
bk_adj_yel=0.000000
b_adj_bla=0.000000
b_adj_cya=0.000000
b_adj_mag=0.000000
b_adj_sat=0.000000
b_adj_vib=0.000000
b_adj_yel=0.000000
corr_method=1
corr_method2=1
c_adj_bla=0.000000
c_adj_cya=0.000000
c_adj_mag=0.000000
c_adj_sat=0.000000
c_adj_vib=0.000000
c_adj_yel=0.000000
g_adj_bla=0.000000
g_adj_cya=0.000000
g_adj_mag=0.000000
g_adj_sat=0.000000
g_adj_vib=0.000000
g_adj_yel=0.000000
m_adj_bla=0.000000
m_adj_cya=0.000000
m_adj_mag=0.000000
m_adj_sat=0.000000
m_adj_vib=0.000000
m_adj_yel=0.000000
n_adj_bla=0.000000
n_adj_cya=0.000000
n_adj_mag=0.000000
n_adj_sat=0.000000
n_adj_vib=0.000000
n_adj_yel=0.000000
r_adj_bla=-0.150000
r_adj_cya=-0.160000
r_adj_mag=0.000000
r_adj_sat=0.140000
r_adj_vib=1.000000
r_adj_yel=0.000000
w_adj_bla=0.000000
w_adj_cya=0.000000
w_adj_mag=0.000000
w_adj_sat=0.000000
w_adj_vib=0.000000
w_adj_yel=0.000000
y_adj_bla=-0.666000
y_adj_cya=0.000000
y_adj_mag=0.000000
y_adj_sat=0.000000
y_adj_vib=0.000000
y_adj_yel=0.000000

